6383  7.7  5.5  5.3  3.5  4.6  0.0 10.92  7.12 16.90 2.60 1.0 Daniel Perron
9690  2.3  2.6  8.0  8.6  7.2  0.0 19.36  7.12 17.10 3.30 1.0 Charles Rosa
1782  8.2  2.3  8.7  3.5  2.9  0.0 28.02  7.12 26.20 3.30 1.0 Jhosep Schultz
5393  7.1  6.2  8.9  3.3  0.0 18.21  7.12 21.90 2.90 1.0 Jhosep White
3324  7.0  3.3  2.6  3.1  4.0  0.0 21.56  7.12 25.30 2.70 1.0 Laura Rosa
3281  6.5  6.4  2.7  3.6  4.5  0.0 18.46  7.12 22.90 2.80 1.0 Jacob Evelock
6895  8.5  3.4  2.7  9.4  6.4  0.0 14.43  7.12 15.00 3.20 1.0 Chris Wrubel
2178  8.4  6.3  3.1  5.4  9.9  0.0 13.32  7.12 16.00 3.10 1.0 Joseph Bagi
8012  4.6  3.4  3.9  9.5  3.0  0.0 16.34  7.12 21.80 3.20 1.0 Ryan Zahurak
1902  3.2  3.2  5.6  4.1  6.0  0.0 24.86  7.12 10.10 3.00 1.0 Evan McGettigan
8619  2.9  5.1  5.7  3.7  3.1  0.0  6.81  7.12 25.50 3.40 1.0 Carl Bruce
7856  5.3  4.6  2.5  4.6  6.3  0.0 28.19  7.12 26.40 3.30 1.0 Jhosep Sisilli
8829  3.9  5.0  2.8  4.8  9.5  0.0 21.40  7.12 22.90 3.10 1.0 Bradley White
6451  5.5  0.0 25.79  7.12 18.80 2.90 1.0 Darren Delgado
7350  8.0  9.4  2.4  6.4  5.4  0.0 23.87  7.12 21.60 2.80 1.0 Jaclyn Short
9365  3.6  9.2  9.1  5.7  4.8  0.0 26.75  7.12 14.70 2.90 1.0 Andres Wrubel
9395  5.7  9.5  5.3  7.8  4.8  0.0 11.43  7.12 15.10 3.30 1.0 Evan Reed
3404  2.3  7.3  7.8  6.6  6.0  0.0 27.04  7.12 15.80 3.30 1.0 Dayne Hartz
2917  5.6  6.4  8.3  5.0  4.3  0.0 14.90  7.12 15.90 2.70 1.0 Jhosep Allhiser
2590  7.9  9.4  4.6  8.9  2.2  0.0 27.42  7.12 14.40 3.20 1.0 Charles Bagi
2804  7.1  4.2  8.8  3.9  8.3  0.0 27.46  7.12 16.80 2.50 1.0 Maria Evelock
2810  6.1  8.1  7.0  9.8  4.5  0.0 19.20  7.12 21.60 2.90 1.0 Laura Perron
3465  7.6  6.2  7.8  6.4  5.7  0.0 10.62  7.12 20.40 2.50 1.0 Michael Short
7899  5.0  4.8  9.1  3.3  3.1  0.0 12.81  7.12 11.00 2.80 1.0 Laura McGettigan
3163  8.1  3.9  5.6  9.9  3.3  0.0  6.13  7.12 20.80 2.50 1.0 Charles Zahurak
5466  8.0  3.0  2.4  3.6  4.2  0.0 21.36  7.12 16.70 3.00 1.0 Michael Crowley
9418  7.2  8.8  3.2  0.0 10.59  7.12 22.90 3.10 1.0 Cody Glotfelty
4587  4.1  5.3  3.2  6.1  7.5  0.0 22.19  7.12 23.90 2.60 1.0 Corey Schultz
7811  8.7  4.5  8.8  2.7  5.0  0.0  9.84  7.12 15.80 2.50 1.0 Laura Hinaman
7269  2.1  5.0  2.4  3.2  7.2  0.0 26.72  7.12 27.00 3.00 1.0 Evan Wrubel
6299  6.2  7.8  9.3  7.8  5.0  0.0 27.24  7.12 21.00 3.40 1.0 Charles Gatti
8336  5.5  9.4  2.4  7.9  6.9  0.0 26.73  7.12 21.60 2.50 1.0 Darren Earon
6884  2.5  4.1  6.7  4.4  7.3  0.0  9.61  7.12 17.40 3.10 1.0 Bradley Glotfelty
4202  8.6  8.4  4.1  6.2  8.8  0.0 29.28  7.12 26.90 2.70 1.0 Dayne Reed
7498  2.8  9.3  2.8  4.3  7.3  0.0  7.33  7.12 10.80 2.50 1.0 Daniel Young
5746  2.9  4.0  6.6  4.8  5.7  0.0 28.49  7.12 11.00 2.80 1.0 Jaclyn Seyler
1497  3.2  2.6  2.5  5.2  9.6  7.5  0.0 25.88  7.12 27.70 3.40 1.0 Corey Hartz
9414  8.0  8.4  4.8  4.7  7.0  0.0 17.48  7.12 11.60 2.70 1.0 Maria Murarik
2699  9.9  2.2  4.8  2.3  4.0  0.0 20.81  7.12 20.70 3.30 1.0 Andres Hartz
2535  3.9  3.2  7.5  6.7  4.4  0.0 18.29  7.12 14.90 2.90 1.0 Charles Young
2343  7.7  4.0  5.8  7.1  8.9  0.0 16.89  7.12 26.70 3.30 1.0 Michael Lehmann
7743  4.9  9.0  2.2  8.0  4.1  0.0 27.69  7.12 18.60 2.70 1.0 Evan Zahurak
4360  4.3  6.1  2.1  8.9  9.0  0.0  8.25  7.12 21.60 3.20 1.0 Ryan Reed
1690  6.4  7.7  3.4  6.8  6.5  5.8  9.2  0.0 23.86  7.12 14.00 3.10 1.0 Corey Bagi
8578  8.6  7.0  2.7  3.0  3.1  6.0  5.1  0.0  7.93  7.12 19.70 3.20 1.0 Dayne Perron
9214  9.2  3.0  3.2  5.9  3.0  0.0 19.69  7.12 10.90 2.90 1.0 Evan Hinaman
7620  4.7  6.8  3.8  2.6  3.0  0.0 22.84  7.12 15.60 3.20 1.0 Chris Brown
8849  2.5  3.9  3.7  5.8  8.5  0.0 25.83  7.12 23.30 3.30 1.0 Jhosep Bruce
9289  6.7  9.8  5.7  5.4  9.1  0.0  7.29  7.12 10.00 3.40 1.0 Chris Lehmann
5025  5.4  5.3  9.7  2.1  7.3  0.0 17.58  7.12 17.00 3.40 1.0 Andres Crowley

