8   13   4                                              
1   100.00  100.00  100.00  100.00  100.00  100.00  100.00  100.00  100.00  100.00  100.00  100.00  100.00
2   93.33   100.00  100.00  100.00  100.00  100.00  100.00  100.00  100.00  100.00  100.00  100.00  100.00
3   80.00   0.00    93.33   86.67   0.00    80.00   80.00   0.00    0.00    80.00   93.33   93.33   0.00
4   86.67   93.33   100.00  100.00  100.00  100.00  100.00  100.00  100.00  86.67   100.00  100.00  100.00
5   86.67   0.00    100.00  93.33   0.00    100.00  93.33   100.00  0.00    100.00  66.67   100.00  80.00
6   100.00  100.00  100.00  100.00  100.00  100.00  100.00  100.00  0.00    0.00    100.00  100.00  100.00
7   0.00    60.00   66.67   86.67   0.00    93.33   100.00  93.33   100.00  100.00  93.33   86.67   0.00
8   100.00  80.00   80.00   93.33   0.00    86.67   100.00  80.00   66.67   100.00  100.00  100.00  100.00
1   87  92  87  90                                  
2   84  66  78  76                                  
3   62  75  72  54                                  
4   72  74  78  91                                  
5   80  67  87  60                                  
6   61  53  81  74                                  
7   64  50  74  66                                  
8   50  55  53  70              
