COMP302-01
40 60
8   13   4                                              
1478   100.00  100.00  100.00  100.00  100.00  100.00  100.00  100.00
100.00  100.00  100.00  100.00  100.00 87 92 87 90 Andrew Smith
2249   93.33   100.00  100.00  100.00  100.00  100.00  100.00  100.00
100.00  100.00  100.00  100.00  100.00 94 66 78 76 Kerrigan Jones
3879   80.00   0.00    93.33   86.67   0.00    80.00   80.00   0.00
0.00    80.00   93.33   93.33   0.00 62 75 72 54 Terry Dawson 
4513   86.67   93.33   100.00  100.00  100.00  100.00  100.00  100.00
100.00  86.67   100.00  100.00  100.00 72 74 78 91 Kiera Emerson
5224   86.67   0.00    100.00  93.33   0.00    100.00  93.33   100.00
0.00    100.00  66.67   100.00  80.00 80 67 87 60 David Thorpe
6164   100.00  100.00  100.00  100.00  100.00  100.00  100.00  100.00
0.00    0.00    100.00  100.00  100.00 61 53 81 74 Jeff Stone
7284   0.00    60.00   66.67   86.67   0.00    93.33   100.00  93.33
100.00  100.00  93.33   86.67   0.00 64 50 74 66 Henry Dawes
8336   100.00  80.00   80.00   93.33   0.00    86.67   100.00  80.00
66.67   100.00  100.00  100.00  100.00 50 55 53 70 Jenn Stone
